Frequency (Hz)	Zre (ohms)	Zim (ohms)	
100000	6.75104379653931	0.0416842401027679	
92611.875	6.79575490951538	-0.114648722112179	
85769.5859375	6.86894941329956	-0.267689019441605	
79432.8203125	6.92018842697144	-0.384517669677734	
73564.21875	6.99674844741821	-0.562811076641083	
68129.203125	7.05962896347046	-0.699025332927704	
63095.73046875	7.10387945175171	-0.837592422962189	
58434.140625	7.16971302032471	-0.962626338005066	
54116.953125	7.23728370666504	-1.1013650894165	
50118.71875	7.30231666564941	-1.23595237731934	
46415.88671875	7.36603164672852	-1.37018978595734	
42986.62109375	7.44001865386963	-1.50599539279938	
39810.71484375	7.51123189926147	-1.6422563791275	
36869.44921875	7.5877161026001	-1.77963125705719	
34145.48828125	7.66339015960693	-1.92033171653748	
31622.77734375	7.74243307113647	-2.06644773483276	
29286.443359375	7.82274675369263	-2.21099948883057	
27122.720703125	7.91168117523193	-2.36691236495972	
25118.86328125	8.00346374511719	-2.51931118965149	
23263.046875	8.10084247589111	-2.67960953712463	
21544.345703125	8.20008850097656	-2.8452787399292	
19952.62109375	8.30309963226318	-3.01278376579285	
18478.498046875	8.415771484375	-3.19438219070435	
17113.28125	8.52945041656494	-3.37691283226013	
15848.9287109375	8.65342426300049	-3.5676281452179	
14677.9912109375	8.78189277648926	-3.7660801410675	
13593.5615234375	8.9140157699585	-3.97852611541748	
12589.25390625	9.05722332000732	-4.19088077545166	
11659.142578125	9.20864963531494	-4.41729211807251	
10797.7509765625	9.36686992645264	-4.65122747421265	
10000	9.52987194061279	-4.89440965652466	
9261.1845703125	9.70787620544434	-5.14695310592651	
8576.9580078125	9.89815616607666	-5.41084432601929	
7943.28173828125	10.0946645736694	-5.688551902771	
7356.4208984375	10.3086776733398	-5.97690200805664	
6812.91943359375	10.5260448455811	-6.2778172492981	
6309.57275390625	10.7638397216797	-6.58523654937744	
5843.4140625	11.0121011734009	-6.91385698318481	
5411.69384765625	11.2783155441284	-7.25090932846069	
5011.87158203125	11.5595378875732	-7.60540437698364	
4641.58837890625	11.8541793823242	-7.96070861816406	
4298.6611328125	12.1696300506592	-8.3402271270752	
3981.07104492188	12.5049571990967	-8.7342357635498	
3686.9443359375	12.8486499786377	-9.14338970184326	
3414.54858398438	13.224702835083	-9.55549144744873	
3162.27685546875	13.6194229125977	-9.99173355102539	
2928.64404296875	14.0325126647949	-10.4349927902222	
2712.27221679688	14.474663734436	-10.8959064483643	
2511.88549804688	14.9465494155884	-11.3699178695679	
2326.30444335938	15.4330234527588	-11.8638782501221	
2154.43432617188	15.9500141143799	-12.3676795959473	
1995.26208496094	16.4985942840576	-12.877269744873	
1847.84924316406	17.0783596038818	-13.4117736816406	
1711.32800292969	17.6986656188965	-13.9687929153442	
1584.89294433594	18.331169128418	-14.5026350021362	
1467.79907226563	19.0205516815186	-15.0801095962524	
1359.35595703125	19.7360210418701	-15.630298614502	
1258.92517089844	20.4814701080322	-16.2226333618164	
1165.91430664063	21.2802200317383	-16.8049907684326	
1079.77478027344	22.1163673400879	-17.4042816162109	
1000	22.9890995025635	-18.0092468261719	
926.118225097656	23.9202175140381	-18.6023559570313	
857.695556640625	24.8733596801758	-19.195405960083	
794.328002929688	25.9016742706299	-19.8077087402344	
735.64208984375	26.9651012420654	-20.4117889404297	
681.291931152344	28.0656051635742	-20.9906673431396	
630.957275390625	29.2233009338379	-21.5478115081787	
584.341369628906	30.4118556976318	-22.0805358886719	
541.169250488281	31.6727695465088	-22.6056842803955	
501.18701171875	32.978630065918	-23.1195793151855	
464.15869140625	34.3293724060059	-23.5902404785156	
429.866088867188	35.7184715270996	-24.053373336792	
398.107055664063	37.1695442199707	-24.4149284362793	
368.694458007813	38.634651184082	-24.77907371521	
341.454864501953	40.1224784851074	-25.0765171051025	
316.227600097656	41.6915702819824	-25.3521060943604	
292.864288330078	43.2556648254395	-25.5306034088135	
271.227142333984	44.8395538330078	-25.6617679595947	
251.188552856445	46.4694213867188	-25.7397365570068	
232.630462646484	48.1021385192871	-25.7361869812012	
215.443435668945	49.6907806396484	-25.7417621612549	
199.52619934082	51.3253746032715	-25.5889568328857	
184.784881591797	52.8063659667969	-25.3851299285889	
171.132751464844	54.4877853393555	-25.1472244262695	
158.4892578125	55.9719696044922	-24.783130645752	
146.779876708984	57.4049224853516	-24.4445610046387	
135.935592651367	58.9324188232422	-24.0881118774414	
125.892509460449	60.2508277893066	-23.6855716705322	
116.591423034668	61.6179962158203	-23.0987930297852	
107.977447509766	62.9437789916992	-22.6042900085449	
99.9999465942383	64.2414245605469	-21.9769248962402	
92.6118316650391	65.4104995727539	-21.3655796051025	
85.7695617675781	66.5276336669922	-20.8044605255127	
79.4328002929688	67.591194152832	-20.2340087890625	
73.5642013549805	68.6054458618164	-19.5930137634277	
68.1291885375977	69.5018463134766	-18.9455070495605	
63.0956954956055	70.3848037719727	-18.3716049194336	
58.4341049194336	71.2435302734375	-17.6726665496826	
54.1169242858887	72.0597229003906	-17.1314315795898	
50.1186981201172	72.7767868041992	-16.597843170166	
46.4158706665039	73.4192962646484	-16.0444164276123	
42.9866104125977	74.0722732543945	-15.5028696060181	
39.8107070922852	74.6610260009766	-15.034065246582	
36.8694458007813	75.2109069824219	-14.5447511672974	
34.1454696655273	75.7146682739258	-14.1328582763672	
31.6227588653564	76.2424163818359	-13.7303247451782	
29.2864303588867	76.651008605957	-13.3000221252441	
27.1227149963379	77.077880859375	-13.0059223175049	
25.1188545227051	77.4910507202148	-12.7448406219482	
23.2630443572998	77.9406585693359	-12.4659013748169	
21.5443439483643	78.3057174682617	-12.2115335464478	
19.9526100158691	78.6052780151367	-11.9821681976318	
18.4784870147705	78.9579925537109	-11.9182500839233	
17.1132736206055	79.2975997924805	-11.7856464385986	
15.8489246368408	79.5386810302734	-11.742413520813	
14.6779870986938	79.9641265869141	-11.7031803131104	
13.5935592651367	80.2187042236328	-11.7372264862061	
12.5892515182495	80.5376739501953	-11.7110328674316	
11.6591358184814	80.8841934204102	-11.8865432739258	
10.7977447509766	81.133171081543	-12.0220470428467	
10	81.4896011352539	-12.1022863388062	
9.2611780166626	81.9011459350586	-12.3968820571899	
8.57695007324219	82.2134399414063	-12.7506942749023	
7.943274974823	82.4515075683594	-12.9765844345093	
7.35641670227051	82.9187622070313	-13.2859630584717	
6.81291580200195	83.3024520874023	-13.800745010376	
6.30956935882568	83.5822601318359	-14.17116355896	
5.84341049194336	84.1099853515625	-14.5958957672119	
5.41169261932373	84.6842193603516	-15.2101011276245	
5.01187038421631	85.1807403564453	-15.9124326705933	
4.64158725738525	85.5630264282227	-16.537540435791	
4.29866123199463	86.1324234008789	-17.0882911682129	
3.98107075691223	86.8982772827148	-17.6902008056641	
3.68694448471069	87.6516723632813	-18.6068286895752	
3.41454863548279	88.2940902709961	-19.4231777191162	
3.16227769851685	89.0368347167969	-20.2192192077637	
2.92864155769348	89.8561019897461	-20.9423408508301	
2.7122700214386	90.8737716674805	-21.6270427703857	
2.5118842124939	91.9371795654297	-22.4958896636963	
2.32630324363709	93.1589279174805	-23.4671897888184	
2.15443325042725	94.4092864990234	-24.54762840271	
1.9952609539032	95.6840362548828	-25.5215034484863	
1.84784877300262	96.9925308227539	-26.5505752563477	
1.71132743358612	98.0898284912109	-27.5318050384521	
1.5848925113678	99.5448684692383	-28.4264602661133	
1.46779870986938	101.131866455078	-29.4242458343506	
1.35935592651367	102.694915771484	-30.2163219451904	
1.25892508029938	104.335906982422	-31.0410804748535	
1.16591429710388	105.977836608887	-31.6925830841064	
1.07977497577667	107.884483337402	-32.410945892334	
0.999998867511749	109.713562011719	-32.9220390319824	
0.926117837429047	111.668098449707	-33.3350868225098	
0.857695043087006	113.65941619873	-33.9078712463379	
0.794327557086945	115.710067749023	-34.2511215209961	
0.735641658306122	117.611831665039	-34.571102142334	
0.681291580200195	119.732681274414	-34.8190383911133	
0.630956947803497	121.717094421387	-35.1989059448242	
0.584341049194336	123.773735046387	-35.4016265869141	
0.541169285774231	125.755401611328	-35.3702087402344	
0.501187026500702	127.632843017578	-35.5246276855469	
0.464158713817596	129.605850219727	-35.4225997924805	
0.429866135120392	131.439575195313	-35.4325294494629	
0.398107081651688	133.296234130859	-35.4540328979492	
0.368694454431534	135.110092163086	-35.3017387390137	
0.341454476118088	136.988952636719	-35.1654777526855	
0.316227406263351	138.554962158203	-35.1994285583496	
0.292864173650742	140.221206665039	-35.0395393371582	
0.27122700214386	141.831161499023	-34.9005699157715	
0.251188427209854	143.527359008789	-34.8919448852539	
0.232630327343941	145.015396118164	-34.8157920837402	
0.215443313121796	146.658294677734	-34.8466873168945	
0.199526101350784	147.952423095703	-34.7867851257324	
0.18478487432003	149.443511962891	-34.8224296569824	
0.171132743358612	150.853698730469	-34.8086280822754	
0.158489257097244	152.134689331055	-34.990535736084	
0.146779865026474	153.457656860352	-35.1159248352051	
0.135935604572296	154.755111694336	-35.3724632263184	
0.125892505049706	156.171234130859	-35.4897232055664	
0.116591297090054	157.552597045898	-35.8115501403809	
0.107977390289307	158.925567626953	-36.2344589233398	
0.0999998897314072	160.347045898438	-36.6046943664551	
0.0926117748022079	161.709838867188	-37.2769393920898	
0.0857695043087006	163.033721923828	-37.9080581665039	
0.0794327557086945	164.740203857422	-38.5857467651367	
0.0735641643404961	166.100509643555	-39.2201156616211	
0.0681291595101357	167.487503051758	-39.7729377746582	
0.0630956962704659	168.921524047852	-40.8294982910156	
0.0584341064095497	169.728302001953	-41.7567443847656	
0.0541169233620167	171.758270263672	-42.5769004821777	
0.050118699669838	173.84602355957	-43.6892623901367	
0.0464158728718758	175.186340332031	-44.7215843200684	
0.0429866090416908	176.944030761719	-46.2195892333984	
0.0398106649518013	178.535797119141	-47.6176528930664	
0.036869402974844	180.531234741211	-48.9412269592285	
0.0341454483568668	182.445190429688	-50.6043243408203	
0.0316227413713932	184.425018310547	-52.1968879699707	
0.0292864181101322	186.824645996094	-53.9621620178223	
0.027122700586915	189.164688110352	-55.9849662780762	
0.0251188427209854	191.150787353516	-57.509635925293	
0.023263031616807	193.827819824219	-59.6630821228027	
0.0215443316847086	196.412414550781	-62.0583419799805	
0.0199526101350784	198.241760253906	-64.893196105957	
0.0184784885495901	201.891815185547	-66.514762878418	
0.0171132739633322	204.338668823242	-69.5471038818359	
0.0158489253371954	208.033935546875	-71.561897277832	
0.0146779865026474	211.643341064453	-74.316162109375	
0.013593559153378	214.454605102539	-76.8887329101563	
0.0125892367213964	218.378280639648	-80.0757446289063	
0.0116591295227408	222.12385559082	-82.9128265380859	
0.0107977390289307	225.922149658203	-86.4854507446289	
0.00999998953193426	229.977874755859	-89.3898849487305	
