>CIRCUIT DEFINITION
({R0Q0(R1Q1)}Q2)

>MODEL PARAMETERS
R0: 7979946.872679769 Ohm | 0
Q0: 7.399459543127244e-07 Fs^(n-1) | 1
n0: 0.288  | 2
R1: 4549880.60150049 Ohm | 3
Q1: 1.2542958923023174e-09 Fs^(n-1) | 4
n1: 0.7826  | 5
Q2: 3.966431879468582e-11 Fs^(n-1) | 6
n2: 0.9728  | 7

>STATISTICAL DATA
Number of parameters: 8
Number of frequencies N_f: 211
Degrees of freedom: 414
Observation-to-parameter ratio: 52.75
Proportionally weighted reduced sum of squares S_v: 55.2403

>IMPEDANCE DATA
Frequency (Hz), Re(Z) / Ohm, Im(Z) / Ohm
0.1, 1.4095e+07, -634237
0.107978, 1.40812e+07, -641920
0.116591, 1.40765e+07, -646553
0.125893, 1.40811e+07, -641631
0.135936, 1.40755e+07, -650599
0.14678, 1.40806e+07, -652931
0.158489, 1.4067e+07, -635677
0.171133, 1.40514e+07, -640530
0.184785, 1.40479e+07, -649311
0.199526, 1.40304e+07, -658174
0.215443, 1.40154e+07, -664117
0.232631, 1.40076e+07, -650261
0.251189, 1.40016e+07, -654104
0.271227, 1.39686e+07, -658362
0.292864, 1.39573e+07, -667822
0.316228, 1.39478e+07, -657404
0.341455, 1.39177e+07, -672705
0.368695, 1.39041e+07, -678856
0.398107, 1.38646e+07, -674855
0.429866, 1.38506e+07, -683250
0.464159, 1.38331e+07, -684384
0.501187, 1.38105e+07, -684929
0.54117, 1.37848e+07, -693900
0.584341, 1.3755e+07, -712591
0.630957, 1.37376e+07, -694573
0.681292, 1.36923e+07, -702975
0.735642, 1.36774e+07, -732958
0.794328, 1.36674e+07, -741307
0.857696, 1.36097e+07, -733713
0.926119, 1.35999e+07, -751334
1, 1.36134e+07, -768501
1.07978, 1.35423e+07, -764874
1.16591, 1.35091e+07, -792584
1.25893, 1.35038e+07, -823635
1.35936, 1.34627e+07, -793811
1.4678, 1.33946e+07, -808305
1.58489, 1.34007e+07, -788210
1.71133, 1.3385e+07, -860727
1.84785, 1.33195e+07, -832888
1.99526, 1.32778e+07, -848888
2.15443, 1.32579e+07, -919504
2.32631, 1.31014e+07, -860170
2.51189, 1.31651e+07, -892154
2.71227, 1.30331e+07, -833637
2.92864, 1.3105e+07, -902041
3.16228, 1.30957e+07, -965051
3.41455, 1.30588e+07, -829043
3.68694, 1.30481e+07, -985435
3.98107, 1.29244e+07, -1.01999e+06
4.29866, 1.29456e+07, -903702
4.64159, 1.28756e+07, -1.02276e+06
5.01187, 1.2788e+07, -1.02749e+06
5.4117, 1.28455e+07, -1.15183e+06
5.84341, 1.28394e+07, -1.25714e+06
6.30957, 1.2652e+07, -1.10157e+06
6.81292, 1.23999e+07, -975450
7.35642, 1.26025e+07, -1.11052e+06
7.94328, 1.26193e+07, -967656
8.57696, 1.23474e+07, -1.01407e+06
9.26119, 1.23431e+07, -1.18622e+06
10, 1.23517e+07, -1.23077e+06
10.7978, 1.22166e+07, -1.02316e+06
11.6591, 1.22146e+07, -1.70345e+06
12.5893, 1.22336e+07, -1.33747e+06
13.5936, 1.21178e+07, -1.14663e+06
14.678, 1.21881e+07, -1.58785e+06
15.8489, 1.20745e+07, -1.67991e+06
17.1133, 1.19593e+07, -1.47339e+06
18.4785, 1.21995e+07, -1.50116e+06
19.9526, 1.22054e+07, -2.32622e+06
21.5443, 1.24516e+07, -1.31303e+06
23.2631, 1.13828e+07, -1.66701e+06
25.1189, 1.16991e+07, -1.78582e+06
27.1227, 1.2014e+07, -1.94806e+06
29.2864, 1.0676e+07, -2.02812e+06
31.6228, 1.07584e+07, -709506
34.1455, 1.13643e+07, -1.84304e+06
36.8694, 9.26729e+06, -1.92324e+06
39.8107, 1.22115e+07, -826701
42.9866, 1.14501e+07, 223130
46.4159, 9.45269e+06, -4.05046e+06
50.1187, 8.86116e+06, -3.31291e+06
54.117, 1.4136e+07, -2.5008e+06
58.4341, 1.19749e+07, -4.85449e+06
63.0957, 9.75116e+06, -1.40156e+06
68.1292, 1.00246e+07, -2.49653e+06
73.5642, 1.24586e+07, -3.48692e+06
79.4328, 9.71201e+06, -3.30683e+06
85.7696, 9.92477e+06, -2.46947e+06
92.6119, 9.69459e+06, -3.09052e+06
100, 9.24792e+06, -3.56048e+06
107.978, 9.51136e+06, -3.42318e+06
116.591, 9.25835e+06, -3.47924e+06
125.893, 9.10386e+06, -3.37091e+06
135.936, 8.86469e+06, -3.50461e+06
146.78, 8.93833e+06, -3.86663e+06
158.489, 8.63322e+06, -3.6624e+06
171.133, 8.21449e+06, -3.66821e+06
184.785, 8.20119e+06, -4.01604e+06
199.526, 7.95084e+06, -3.50203e+06
215.443, 7.72648e+06, -3.82176e+06
232.631, 7.55548e+06, -3.80638e+06
251.189, 7.19022e+06, -3.91351e+06
271.227, 7.05535e+06, -3.96331e+06
292.864, 6.58376e+06, -3.93389e+06
316.228, 6.00239e+06, -4.31274e+06
341.455, 5.68299e+06, -4.41294e+06
368.695, 5.38555e+06, -4.05224e+06
398.107, 5.18904e+06, -4.42386e+06
429.866, 4.92972e+06, -4.36108e+06
464.159, 4.58382e+06, -4.38078e+06
501.187, 4.32669e+06, -4.26305e+06
541.17, 4.05298e+06, -4.20673e+06
584.341, 3.72508e+06, -4.14026e+06
630.957, 3.58825e+06, -4.09768e+06
681.292, 3.27181e+06, -3.96518e+06
735.642, 3.01658e+06, -3.91714e+06
794.328, 2.78739e+06, -3.72076e+06
857.696, 2.59503e+06, -3.64658e+06
926.119, 2.35057e+06, -3.4675e+06
1000, 2.15423e+06, -3.34707e+06
1079.78, 1.90876e+06, -3.24863e+06
1165.91, 1.6367e+06, -3.09602e+06
1258.93, 1.5546e+06, -3.0245e+06
1359.36, 1.40429e+06, -2.84199e+06
1467.8, 1.24173e+06, -2.73807e+06
1584.89, 1.11213e+06, -2.5964e+06
1711.33, 1.00942e+06, -2.45299e+06
1847.85, 898036, -2.34993e+06
1995.26, 785662, -2.18333e+06
2154.43, 736818, -2.12968e+06
2326.31, 664132, -1.94037e+06
2511.89, 582943, -1.88497e+06
2712.27, 568330, -1.74344e+06
2928.64, 457027, -1.62587e+06
3162.28, 316199, -1.56783e+06
3414.55, 370189, -1.39882e+06
3686.95, 333879, -1.0719e+06
3981.07, 287058, -1.1762e+06
4298.66, 195495, -1.18986e+06
4641.59, 226076, -1.09084e+06
5011.87, 268989, -1.03352e+06
5411.7, 214580, -883115
5843.41, 110018, -840691
6309.57, 133024, -764387
6812.92, 119651, -723791
7356.42, 65163, -681194
7943.28, 78764.5, -664934
8576.96, 70023.2, -605639
9261.19, 33144.2, -573964
10000, 67479, -539832
10797.8, 42731.3, -539334
11659.1, 29275, -453386
12589.3, 63162.9, -435770
13593.6, 26896.7, -403431
14678, -6075.41, -372710
15848.9, 21712.6, -331087
17113.3, 25550.6, -316707
18478.5, 22780.2, -305414
19952.6, 16122, -272365
21544.3, 22890.1, -256690
23263.1, 14443.7, -234694
25118.9, 12429.2, -223609
27122.7, 13039.7, -207690
29286.4, 4516.79, -184355
31622.8, 25036.9, -124061
34145.5, 5039.33, -130696
36869.4, 5776.95, -127004
39810.7, 1298.63, -104539
42986.6, -971.589, -113111
46415.9, -1109.66, -101465
50118.7, 6353.2, -96008.7
54117, 4530.13, -85016.7
58434.1, -8748.44, -85452.7
63095.7, 878.365, -76538.4
68129.2, -382.966, -64112.3
73564.2, -116.02, -69526.3
79432.8, -1751.12, -62950.7
85769.6, -1291.53, -52642.4
92611.9, -1255.37, -49532
100000, -1733.26, -48277.2
107978, 1311.42, -51828
116591, -498.921, -44925.5
125893, 450, -42881.9
135936, -660.392, -39290
146780, -1477.69, -35583.9
158489, -1682.5, -33267.7
171133, -1867.17, -30641.5
184785, -738.191, -27877.8
199526, -235.27, -26237.3
215443, -354.598, -24858.3
232630, -1091.14, -22374.9
251189, -1446.51, -20122.5
271227, -1306.8, -18050.7
292864, -1341.04, -16398.6
316228, 5.91105, -9775.77
341455, -559.89, -9007.36
368694, 308.76, -8474.36
398107, 261.785, -6961.52
429866, -473.601, -6779.99
464159, -279.432, -5995.15
501187, -534.128, -4904.84
541170, -691.116, -4478.69
584341, -891.301, -3896.56
630957, -806.007, -2985.78
681292, -718.022, -2314.19
735642, -554.571, -1737.87
794328, -292.774, -1219.62
857696, -35.8536, -897.079
926119, 209.233, -664.282
1e+06, 362.949, -470.2

>IMPEDANCE FIT
Frequency (Hz), Re(Z) / Ohm, Im(Z) / Ohm
0.1, 1.39126e+07, -697147
0.103283, 1.38996e+07, -691472
0.106673, 1.38866e+07, -685871
0.110175, 1.38738e+07, -680343
0.113792, 1.38611e+07, -674888
0.117528, 1.38485e+07, -669507
0.121386, 1.3836e+07, -664198
0.125371, 1.38237e+07, -658962
0.129486, 1.38114e+07, -653800
0.133737, 1.37992e+07, -648710
0.138128, 1.37872e+07, -643693
0.142662, 1.37752e+07, -638749
0.147345, 1.37634e+07, -633877
0.152183, 1.37517e+07, -629079
0.157178, 1.374e+07, -624354
0.162338, 1.37285e+07, -619702
0.167668, 1.3717e+07, -615123
0.173172, 1.37057e+07, -610618
0.178857, 1.36944e+07, -606186
0.184728, 1.36832e+07, -601828
0.190792, 1.36722e+07, -597544
0.197056, 1.36612e+07, -593334
0.203525, 1.36503e+07, -589199
0.210206, 1.36395e+07, -585138
0.217107, 1.36288e+07, -581152
0.224234, 1.36182e+07, -577242
0.231595, 1.36077e+07, -573407
0.239198, 1.35972e+07, -569648
0.24705, 1.35868e+07, -565965
0.255161, 1.35766e+07, -562359
0.263537, 1.35664e+07, -558830
0.272188, 1.35563e+07, -555379
0.281124, 1.35462e+07, -552006
0.290353, 1.35363e+07, -548711
0.299884, 1.35264e+07, -545496
0.309729, 1.35166e+07, -542361
0.319897, 1.35069e+07, -539306
0.330399, 1.34972e+07, -536332
0.341245, 1.34876e+07, -533439
0.352447, 1.34781e+07, -530629
0.364017, 1.34687e+07, -527902
0.375967, 1.34593e+07, -525259
0.38831, 1.345e+07, -522701
0.401057, 1.34408e+07, -520228
0.414223, 1.34316e+07, -517841
0.427821, 1.34225e+07, -515542
0.441866, 1.34135e+07, -513331
0.456372, 1.34045e+07, -511209
0.471353, 1.33956e+07, -509177
0.486827, 1.33867e+07, -507237
0.502809, 1.33779e+07, -505389
0.519315, 1.33692e+07, -503634
0.536363, 1.33605e+07, -501974
0.553971, 1.33519e+07, -500410
0.572157, 1.33433e+07, -498943
0.59094, 1.33348e+07, -497575
0.610339, 1.33264e+07, -496306
0.630375, 1.33179e+07, -495139
0.651069, 1.33096e+07, -494074
0.672443, 1.33013e+07, -493113
0.694518, 1.3293e+07, -492259
0.717317, 1.32848e+07, -491511
0.740866, 1.32766e+07, -490872
0.765187, 1.32684e+07, -490344
0.790307, 1.32603e+07, -489929
0.816251, 1.32523e+07, -489628
0.843047, 1.32443e+07, -489443
0.870722, 1.32363e+07, -489376
0.899307, 1.32283e+07, -489429
0.928829, 1.32204e+07, -489604
0.959321, 1.32125e+07, -489903
0.990814, 1.32047e+07, -490329
1.02334, 1.31969e+07, -490883
1.05693, 1.31891e+07, -491569
1.09163, 1.31813e+07, -492387
1.12747, 1.31735e+07, -493342
1.16448, 1.31658e+07, -494435
1.20271, 1.31581e+07, -495668
1.24219, 1.31504e+07, -497046
1.28297, 1.31428e+07, -498569
1.32509, 1.31351e+07, -500242
1.36859, 1.31275e+07, -502066
1.41352, 1.31199e+07, -504046
1.45992, 1.31122e+07, -506184
1.50785, 1.31046e+07, -508482
1.55734, 1.3097e+07, -510945
1.60847, 1.30894e+07, -513576
1.66127, 1.30818e+07, -516378
1.71581, 1.30742e+07, -519354
1.77214, 1.30666e+07, -522508
1.83031, 1.3059e+07, -525844
1.8904, 1.30514e+07, -529366
1.95246, 1.30437e+07, -533077
2.01655, 1.30361e+07, -536981
2.08275, 1.30284e+07, -541082
2.15112, 1.30207e+07, -545385
2.22174, 1.3013e+07, -549893
2.29468, 1.30053e+07, -554611
2.37001, 1.29975e+07, -559544
2.44781, 1.29897e+07, -564695
2.52817, 1.29819e+07, -570070
2.61116, 1.2974e+07, -575673
2.69688, 1.29661e+07, -581509
2.78541, 1.29582e+07, -587584
2.87685, 1.29501e+07, -593901
2.9713, 1.29421e+07, -600466
3.06884, 1.2934e+07, -607286
3.16958, 1.29258e+07, -614363
3.27363, 1.29176e+07, -621706
3.3811, 1.29093e+07, -629318
3.4921, 1.29009e+07, -637206
3.60673, 1.28924e+07, -645375
3.72514, 1.28839e+07, -653832
3.84743, 1.28752e+07, -662582
3.97373, 1.28665e+07, -671631
4.10418, 1.28577e+07, -680986
4.23891, 1.28487e+07, -690653
4.37807, 1.28397e+07, -700639
4.52179, 1.28305e+07, -710950
4.67023, 1.28213e+07, -721592
4.82355, 1.28119e+07, -732572
4.9819, 1.28023e+07, -743898
5.14544, 1.27926e+07, -755575
5.31436, 1.27828e+07, -767612
5.48882, 1.27728e+07, -780014
5.66901, 1.27627e+07, -792790
5.85511, 1.27523e+07, -805946
6.04732, 1.27418e+07, -819489
6.24584, 1.27311e+07, -833428
6.45088, 1.27202e+07, -847768
6.66265, 1.27091e+07, -862518
6.88138, 1.26978e+07, -877685
7.10728, 1.26863e+07, -893276
7.3406, 1.26745e+07, -909300
7.58158, 1.26625e+07, -925762
7.83047, 1.26502e+07, -942671
8.08752, 1.26377e+07, -960034
8.35302, 1.26249e+07, -977859
8.62724, 1.26117e+07, -996152
8.91045, 1.25983e+07, -1.01492e+06
9.20297, 1.25846e+07, -1.03417e+06
9.50508, 1.25705e+07, -1.05392e+06
9.81712, 1.25561e+07, -1.07416e+06
10.1394, 1.25414e+07, -1.0949e+06
10.4723, 1.25262e+07, -1.11615e+06
10.816, 1.25107e+07, -1.13792e+06
11.1711, 1.24948e+07, -1.16022e+06
11.5378, 1.24785e+07, -1.18304e+06
11.9166, 1.24617e+07, -1.2064e+06
12.3078, 1.24445e+07, -1.2303e+06
12.7118, 1.24268e+07, -1.25474e+06
13.1291, 1.24086e+07, -1.27973e+06
13.5602, 1.239e+07, -1.30528e+06
14.0053, 1.23708e+07, -1.33139e+06
14.4651, 1.23511e+07, -1.35806e+06
14.9399, 1.23308e+07, -1.38529e+06
15.4304, 1.23099e+07, -1.41309e+06
15.9369, 1.22884e+07, -1.44146e+06
16.4601, 1.22663e+07, -1.4704e+06
17.0005, 1.22436e+07, -1.49991e+06
17.5586, 1.22202e+07, -1.52999e+06
18.135, 1.21961e+07, -1.56065e+06
18.7303, 1.21713e+07, -1.59187e+06
19.3452, 1.21458e+07, -1.62366e+06
19.9803, 1.21195e+07, -1.65601e+06
20.6362, 1.20925e+07, -1.68893e+06
21.3136, 1.20646e+07, -1.7224e+06
22.0133, 1.20359e+07, -1.75642e+06
22.736, 1.20064e+07, -1.79098e+06
23.4823, 1.1976e+07, -1.82608e+06
24.2532, 1.19447e+07, -1.8617e+06
25.0494, 1.19125e+07, -1.89784e+06
25.8717, 1.18793e+07, -1.93449e+06
26.7211, 1.18452e+07, -1.97163e+06
27.5983, 1.18101e+07, -2.00924e+06
28.5043, 1.17739e+07, -2.04732e+06
29.44, 1.17367e+07, -2.08585e+06
30.4065, 1.16985e+07, -2.12481e+06
31.4047, 1.16592e+07, -2.16418e+06
32.4356, 1.16187e+07, -2.20395e+06
33.5004, 1.15771e+07, -2.24408e+06
34.6002, 1.15344e+07, -2.28457e+06
35.736, 1.14905e+07, -2.32538e+06
36.9092, 1.14454e+07, -2.36649e+06
38.1208, 1.13992e+07, -2.40787e+06
39.3723, 1.13516e+07, -2.4495e+06
40.6648, 1.13029e+07, -2.49135e+06
41.9997, 1.12529e+07, -2.53339e+06
43.3785, 1.12016e+07, -2.57559e+06
44.8025, 1.11491e+07, -2.61792e+06
46.2733, 1.10952e+07, -2.66034e+06
47.7924, 1.10401e+07, -2.70282e+06
49.3613, 1.09836e+07, -2.74533e+06
50.9818, 1.09259e+07, -2.78783e+06
52.6554, 1.08668e+07, -2.8303e+06
54.384, 1.08065e+07, -2.87268e+06
56.1693, 1.07448e+07, -2.91495e+06
58.0132, 1.06818e+07, -2.95708e+06
59.9177, 1.06175e+07, -2.99902e+06
61.8847, 1.05518e+07, -3.04074e+06
63.9162, 1.04849e+07, -3.08221e+06
66.0145, 1.04168e+07, -3.12338e+06
68.1816, 1.03473e+07, -3.16424e+06
70.4199, 1.02766e+07, -3.20473e+06
72.7317, 1.02047e+07, -3.24484e+06
75.1193, 1.01315e+07, -3.28452e+06
77.5853, 1.00571e+07, -3.32376e+06
80.1323, 9.98155e+06, -3.36251e+06
82.7629, 9.90482e+06, -3.40075e+06
85.4798, 9.82696e+06, -3.43846e+06
88.286, 9.74798e+06, -3.47561e+06
91.1843, 9.66791e+06, -3.51217e+06
94.1777, 9.58678e+06, -3.54813e+06
97.2693, 9.50461e+06, -3.58347e+06
100.463, 9.42143e+06, -3.61816e+06
103.761, 9.33727e+06, -3.65219e+06
107.167, 9.25215e+06, -3.68555e+06
110.685, 9.16611e+06, -3.71823e+06
114.318, 9.07916e+06, -3.7502e+06
118.071, 8.99134e+06, -3.78148e+06
121.947, 8.90267e+06, -3.81204e+06
125.951, 8.81317e+06, -3.84188e+06
130.085, 8.72287e+06, -3.871e+06
134.356, 8.6318e+06, -3.89939e+06
138.766, 8.53997e+06, -3.92706e+06
143.322, 8.4474e+06, -3.95399e+06
148.027, 8.35412e+06, -3.98019e+06
152.886, 8.26013e+06, -4.00566e+06
157.905, 8.16546e+06, -4.0304e+06
163.089, 8.07011e+06, -4.0544e+06
168.443, 7.9741e+06, -4.07767e+06
173.973, 7.87744e+06, -4.10021e+06
179.684, 7.78014e+06, -4.12202e+06
185.583, 7.68219e+06, -4.14308e+06
191.675, 7.58361e+06, -4.16341e+06
197.967, 7.4844e+06, -4.18299e+06
204.466, 7.38456e+06, -4.20181e+06
211.178, 7.28409e+06, -4.21987e+06
218.111, 7.18299e+06, -4.23715e+06
225.271, 7.08126e+06, -4.25364e+06
232.666, 6.97889e+06, -4.26933e+06
240.304, 6.87589e+06, -4.28419e+06
248.193, 6.77225e+06, -4.29821e+06
256.341, 6.66797e+06, -4.31135e+06
264.756, 6.56305e+06, -4.32358e+06
273.447, 6.45749e+06, -4.33489e+06
282.424, 6.35129e+06, -4.34522e+06
291.696, 6.24446e+06, -4.35455e+06
301.271, 6.13699e+06, -4.36283e+06
311.162, 6.02891e+06, -4.37002e+06
321.376, 5.92022e+06, -4.37607e+06
331.927, 5.81093e+06, -4.38093e+06
342.823, 5.70107e+06, -4.38455e+06
354.077, 5.59066e+06, -4.38687e+06
365.701, 5.47973e+06, -4.38785e+06
377.706, 5.36832e+06, -4.38742e+06
390.106, 5.25645e+06, -4.38553e+06
402.912, 5.14417e+06, -4.38212e+06
416.139, 5.03154e+06, -4.37713e+06
429.8, 4.91861e+06, -4.37051e+06
443.91, 4.80544e+06, -4.3622e+06
458.482, 4.6921e+06, -4.35215e+06
473.533, 4.57865e+06, -4.34031e+06
489.079, 4.46518e+06, -4.32663e+06
505.134, 4.35177e+06, -4.31107e+06
521.717, 4.23851e+06, -4.2936e+06
538.844, 4.12549e+06, -4.27417e+06
556.533, 4.01281e+06, -4.25277e+06
574.803, 3.90057e+06, -4.22937e+06
593.673, 3.78888e+06, -4.20396e+06
613.162, 3.67784e+06, -4.17652e+06
633.291, 3.56756e+06, -4.14707e+06
654.081, 3.45816e+06, -4.11561e+06
675.553, 3.34973e+06, -4.08214e+06
697.73, 3.2424e+06, -4.04671e+06
720.635, 3.13628e+06, -4.00933e+06
744.292, 3.03147e+06, -3.97005e+06
768.726, 2.92807e+06, -3.92891e+06
793.962, 2.82619e+06, -3.88598e+06
820.026, 2.72594e+06, -3.8413e+06
846.946, 2.62739e+06, -3.79495e+06
874.75, 2.53065e+06, -3.74701e+06
903.466, 2.43579e+06, -3.69756e+06
933.125, 2.34289e+06, -3.64667e+06
963.758, 2.25202e+06, -3.59445e+06
995.396, 2.16325e+06, -3.54098e+06
1028.07, 2.07663e+06, -3.48636e+06
1061.82, 1.99221e+06, -3.4307e+06
1096.68, 1.91003e+06, -3.3741e+06
1132.68, 1.83012e+06, -3.31666e+06
1169.87, 1.75252e+06, -3.25848e+06
1208.27, 1.67723e+06, -3.19967e+06
1247.94, 1.60428e+06, -3.14034e+06
1288.9, 1.53366e+06, -3.08058e+06
1331.22, 1.46537e+06, -3.02049e+06
1374.92, 1.39941e+06, -2.96019e+06
1420.05, 1.33576e+06, -2.89975e+06
1466.67, 1.2744e+06, -2.83928e+06
1514.82, 1.2153e+06, -2.77886e+06
1564.55, 1.15844e+06, -2.71857e+06
1615.91, 1.10377e+06, -2.65851e+06
1668.96, 1.05126e+06, -2.59875e+06
1723.74, 1.00086e+06, -2.53936e+06
1780.33, 952533, -2.48041e+06
1838.78, 906226, -2.42196e+06
1899.14, 861887, -2.36407e+06
1961.49, 819464, -2.30681e+06
2025.88, 778902, -2.25021e+06
2092.38, 740144, -2.19433e+06
2161.07, 703133, -2.13921e+06
2232.02, 667813, -2.08488e+06
2305.29, 634126, -2.03138e+06
2380.97, 602013, -1.97874e+06
2459.13, 571416, -1.92698e+06
2539.86, 542280, -1.87614e+06
2623.24, 514547, -1.82621e+06
2709.35, 488161, -1.77723e+06
2798.3, 463067, -1.72921e+06
2890.16, 439212, -1.68214e+06
2985.04, 416544, -1.63605e+06
3083.03, 395009, -1.59094e+06
3184.24, 374559, -1.5468e+06
3288.77, 355146, -1.50364e+06
3396.74, 336721, -1.46146e+06
3508.25, 319239, -1.42024e+06
3623.42, 302657, -1.38e+06
3742.37, 286931, -1.34071e+06
3865.22, 272020, -1.30238e+06
3992.11, 257886, -1.26499e+06
4123.16, 244489, -1.22853e+06
4258.52, 231795, -1.19299e+06
4398.32, 219767, -1.15835e+06
4542.71, 208372, -1.12461e+06
4691.83, 197579, -1.09175e+06
4845.86, 187356, -1.05976e+06
5004.94, 177674, -1.02861e+06
5169.24, 168506, -998305
5338.94, 159825, -968815
5514.21, 151606, -940127
5695.23, 143823, -912226
5882.19, 136455, -885095
6075.29, 129480, -858718
6274.73, 122876, -833078
6480.72, 116623, -808159
6693.47, 110704, -783944
6913.2, 105100, -760416
7140.15, 99794.5, -737559
7374.55, 94771.1, -715357
7616.64, 90014.7, -693793
7866.68, 85510.9, -672853
8124.93, 81246.1, -652519
8391.66, 77207.3, -632777
8667.14, 73382.2, -613611
8951.66, 69759.2, -595006
9245.53, 66327.5, -576947
9549.04, 63076.4, -559420
9862.52, 59996.3, -542410
10186.3, 57077.9, -525903
10520.7, 54312.2, -509886
10866.1, 51691.1, -494345
11222.8, 49206.6, -479267
11591.2, 46851.3, -464638
11971.7, 44618.1, -450448
12364.7, 42500.6, -436682
12770.6, 40492.2, -423329
13189.9, 38587.2, -410377
13622.9, 36780, -397815
14070.1, 35065.2, -385631
14532, 33437.8, -373815
15009, 31893.1, -362356
15501.8, 30426.6, -351244
16010.6, 29034.2, -340468
16536.2, 27711.9, -330018
17079.1, 26455.8, -319886
17639.8, 25262.5, -310061
18218.9, 24128.6, -300535
18816.9, 23050.8, -291299
19434.7, 22026.3, -282344
20072.7, 21052.2, -273662
20731.6, 20125.8, -265244
21412.2, 19244.6, -257083
22115.1, 18406.2, -249172
22841.1, 17608.4, -241502
23591, 16848.9, -234067
24365.4, 16126, -226859
25165.3, 15437.5, -219872
25991.4, 14781.8, -213098
26844.6, 14157.1, -206533
27725.9, 13561.8, -200168
28636.1, 12994.4, -193998
29576.2, 12453.5, -188018
30547.1, 11937.7, -182221
31549.9, 11445.8, -176603
32585.6, 10976.4, -171156
33655.3, 10528.6, -165877
34760.2, 10101.2, -160760
35901.3, 9693.12, -155801
37079.9, 9303.47, -150994
38297.1, 8931.3, -146334
39554.4, 8575.75, -141818
40852.9, 8235.99, -137441
42194, 7911.25, -133199
43579.1, 7600.8, -129087
45009.8, 7303.93, -125102
46487.3, 7019.98, -121240
48013.4, 6748.33, -117496
49589.6, 6488.38, -113868
51217.6, 6239.58, -110352
52898.9, 6001.39, -106944
54635.5, 5773.31, -103641
56429.1, 5554.85, -100440
58281.5, 5345.57, -97337.3
60194.8, 5145.03, -94330.5
62170.9, 4952.84, -91416.4
64211.9, 4768.59, -88592.2
66319.8, 4591.92, -85855.1
68497, 4422.49, -83202.5
70745.6, 4259.96, -80631.7
73068, 4104.02, -78140.2
75466.7, 3954.37, -75725.7
77944.2, 3810.73, -73385.6
80502.9, 3672.82, -71117.7
83145.7, 3540.4, -68919.9
85875.2, 3413.21, -66789.9
88694.3, 3291.03, -64725.7
91606, 3173.64, -62725.2
94613.2, 3060.83, -60786.4
97719.2, 2952.4, -58907.6
100927, 2848.15, -57086.7
104240, 2747.92, -55322.1
107662, 2651.52, -53612
111197, 2558.8, -51954.7
114847, 2469.59, -50348.6
118617, 2383.76, -48792.2
122511, 2301.15, -47283.8
126533, 2221.64, -45822
130687, 2145.1, -44405.3
134977, 2071.39, -43032.5
139408, 2000.42, -41702
143985, 1932.06, -40412.7
148712, 1866.2, -39163.2
153593, 1802.76, -37952.3
158636, 1741.62, -36778.8
163843, 1682.71, -35641.6
169222, 1625.92, -34539.6
174777, 1571.17, -33471.6
180515, 1518.39, -32436.6
186441, 1467.5, -31433.6
192561, 1418.42, -30461.6
198883, 1371.08, -29519.7
205412, 1325.42, -28606.8
212155, 1281.37, -27722.2
219120, 1238.86, -26864.9
226313, 1197.85, -26034.2
233742, 1158.26, -25229.1
241416, 1120.06, -24448.9
249341, 1083.18, -23692.8
257526, 1047.58, -22960.1
265980, 1013.21, -22250
274712, 980.016, -21561.9
283730, 947.965, -20895.1
293045, 917.011, -20248.9
302665, 887.114, -19622.7
312601, 858.235, -19015.8
322863, 830.336, -18427.7
333462, 803.383, -17857.8
344409, 777.341, -17305.5
355715, 752.176, -16770.3
367392, 727.858, -16251.6
379453, 704.357, -15749
391910, 681.642, -15261.9
404776, 659.686, -14789.9
418064, 638.463, -14332.4
431788, 617.945, -13889.2
445963, 598.109, -13459.6
460603, 578.931, -13043.3
475724, 560.387, -12639.9
491341, 542.455, -12248.9
507471, 525.114, -11870.1
524130, 508.344, -11502.9
541336, 492.125, -11147.1
559107, 476.437, -10802.4
577462, 461.263, -10468.3
596418, 446.585, -10144.5
615998, 432.386, -9830.7
636220, 418.649, -9526.63
657106, 405.36, -9231.97
678677, 392.502, -8946.42
700957, 380.061, -8669.7
723968, 368.024, -8401.54
747735, 356.375, -8141.67
772281, 345.104, -7889.84
797634, 334.196, -7645.8
823819, 323.639, -7409.31
850863, 313.422, -7180.13
878795, 303.534, -6958.04
907645, 293.964, -6742.82
937441, 284.701, -6534.25
968215, 275.734, -6332.14
1e+06, 267.055, -6136.28